#OGID T  <I>    <V>      P_1  *=extrapolated V magnitude
00082 O 14.241 16.509  164.84
00094 C 15.120 18.885  332.30
00098 C 15.159 17.921  323.10
00115 C 14.932 16.947  176.13
00355 O 14.199 16.219  154.59
00743 O 14.063 16.412  216.10
00846 C 15.047 18.297  405.50
00881 O 14.248 15.943  120.25
00891 C 14.766 17.213  250.20
00892 C 13.517 16.044  400.80
00897 C 14.200 16.221  266.80
00902 O 14.195 17.309  296.00
00990 O 13.080 15.783  320.90
01013 C 14.607 16.712  158.73
01054 C 14.472 16.735  280.30
01059 O 13.849 15.855  199.48
01199 O 15.046 17.666  132.76
01262 O 14.097 16.556  245.20
01288 C 14.721 18.259  394.60
01309 O 14.278 16.578  170.41
01312 O 14.862 21.472 1179.00 *
01539 C 14.350 16.687  298.70
01608 O 14.219 16.916  182.79
01752 O 14.027 16.275  205.80
01785 C 14.513 17.966  389.20
01835 O 14.351 16.890  236.60
01898 O 14.433 16.780  206.30
01998 O 14.529 17.780  256.20
02028 C 14.791 17.608  297.30
02346 O 14.391 16.743  171.10
02466 O 14.412 16.828  191.89
02562 C 14.643 17.525  314.60
02746 C 14.331 16.389  224.90
02837 O 14.414 16.417  146.36
02906 C 14.549 16.611  213.50
02945 O 14.297 16.951  214.70
02965 O 14.643 17.186  153.25
03019 C 15.014 18.640  428.80
03094 C 14.980 18.293  375.10
03172 C 14.490 16.656  210.20
03286 O 15.113 17.643  131.49
03419 C 14.447 16.330  190.81
03466 O 14.165 16.296  193.63
03480 C 14.780 17.031  360.00
03843 C 15.062 18.416  372.40
03910 O 13.283 20.808 1250.00
03952 O 14.722 17.666  178.82
04014 O 14.948 17.858  206.40
04228 O 14.683 17.680  205.60
04254 O 14.951 17.663  129.73
04312 O 14.220 20.724 1265.00
04459 C 14.583 17.265  299.50
04669 O 14.370 18.040  416.00
04689 O 14.687 20.568 1080.00 *
04798 O 14.408 20.108  360.20
04854 O 14.716 17.264  167.80
04953 C 14.322 16.280  242.80
04982 O 14.017 16.169  162.23
04984 O 14.418 16.677  179.65
05122 C 14.560 17.605  563.10
05179 O 13.288 18.326  756.10
05341 O 14.536 17.647  229.60
05384 O 14.585 17.621  237.80
05500 C 14.296 16.565  250.00
05517 O 14.271 16.646  180.22
05728 O 13.359 16.787  372.10 *
05878 O 13.822 18.721  911.60
05900 C 15.083 18.881  427.50
05918 C 14.933 18.707  517.70
05929 C 14.649 16.744  231.60
06049 C 15.053 18.147  381.00
06171 C 13.057 16.006  693.90
06232 O 14.409 16.683  207.80
06357 C 14.379 17.678  384.00
06398 O 14.281 17.154  246.00
06598 O 14.188 16.760  210.50
06612 C 14.463 16.872  243.20
06635 O 14.481 17.332  224.30
06810 O 14.381 16.627  159.39
06815 O 14.427 16.365  121.70
06819 C 12.972 18.166  886.00
06870 C 14.923 18.529  563.30
06950 C 14.586 17.239  316.40
07180 C 14.370 17.084  322.80 *
07267 C 14.528 17.750  386.70
07437 O 14.688 17.622  228.40
07590 C 14.876 18.359  422.30
07944 O 14.202 16.420  210.70
08113 O 14.848 18.014  253.30
08252 O 14.328 16.667  153.70
08988 C 14.335 17.073  323.80
09007 C 14.848 17.708  356.30
09008 O 12.998 16.705  325.90
09034 O 13.002 17.367  574.70
09045 C 14.171 16.355  258.70
09063 O 13.993 17.016  267.40
09268 C 14.287 16.931  332.20
09422 O 12.775 16.846  879.80
09559 O 14.113 16.245  216.20
09601 C 14.575 17.607  340.40
09653 O 14.243 17.207  333.50
09701 O 13.063 16.985  662.30
09702 C 14.221 16.646  305.80
09743 C 14.385 16.945  284.90
09807 O 14.271 17.559  354.50
09816 O 14.719 17.542  238.00
10004 O 14.331 18.100  386.60
10017 C 15.045 17.951  299.60
10032 O 14.236 17.919  383.20 *
10137 O 13.054 17.591  660.60
10260 C 14.751 18.309  498.80 *
10292 O 14.078 16.491  214.20
10425 O 14.383 17.256  229.30
10522 O 15.044 17.872  149.75
10534 O 14.343 17.136  241.50
10559 C 14.715 17.801  321.30
10601 O 14.538 18.237  278.20
10609 O 14.144 16.181  176.67
10643 O 14.298 16.611  159.63
11035 O 13.758 17.086  389.10
11105 O 14.215 16.697  222.90
11122 O 14.491 16.876  155.89
11157 C 14.675 18.393  418.20
11163 C 14.371 16.912  314.00
11284 C 15.098 17.632  273.50
11318 O 14.019 16.059  161.82
11363 O 14.506 17.704  281.60
11378 O 12.852 16.467  474.90
11394 O 14.418 16.811  171.93
11452 C 14.164 16.695  319.00
11472 C 14.911 17.112  343.20
11607 C 14.433 16.890  287.80
11637 O 13.370 16.861  927.70
11840 O 14.497 16.870  195.84
11929 C 14.406 16.288  221.60
11976 O 12.902 16.614  610.50
12021 O 14.225 16.444  155.39
12074 O 12.646 15.953  656.70
12100 C 14.259 16.875  314.00
12125 O 13.865 17.620  391.30
12234 C 15.160 18.921  475.70
12236 O 14.896 17.520  146.26
12320 C 14.648 17.212  385.40
12671 O 14.274 16.477  168.35
12695 O 14.128 16.273  247.80
12712 O 14.485 16.552  123.33
12829 C 14.620 16.939  232.00
12840 C 14.941 17.582  323.70
12874 O 14.151 16.393  179.10
12990 C 14.703 17.934  408.90
13021 O 14.309 16.844  200.80
13146 C 14.113 16.288  304.30
13563 C 14.834 17.718  314.10
13618 O 15.070 17.417  124.04
13666 C 14.775 17.315  313.20
14018 C 14.381 17.723  391.50
14120 C 14.299 16.865  310.50
14292 C 13.548 16.217  416.60
14326 O 14.515 17.584  214.70
14505 O 14.386 17.359  234.10
14604 C 14.965 17.898  400.80
14609 O 13.993 16.590  224.10
14701 C 14.346 17.411  405.40
14854 C 14.341 17.061  324.40 *
14907 O 14.243 16.797  173.06
14995 O 14.495 16.828  169.93
15053 O 14.146 18.072  375.80
15339 O 14.015 16.620  231.00
15419 O 14.477 19.652  577.20
15508 O 14.716 17.581  205.70
15539 O 13.084 16.274  464.50
15717 C 14.459 16.107  138.20
15748 C 14.147 16.210  251.20
15933 O 14.272 16.504  175.65
16167 O 14.148 17.852  305.90
16249 O 14.565 17.256  206.80
16412 C 14.293 16.248  207.80
16566 C 14.159 16.202  258.70
16796 O 14.167 19.049  357.00
16846 O 14.007 16.000  162.20
16902 O 13.252 17.356  607.50
16987 O 14.788 18.375  277.00
17041 C 14.435 17.045  317.00
17108 C 14.497 17.437  378.70
17111 O 13.654 17.457  428.40
17203 O 14.581 17.703  232.40
17206 O 14.182 16.114  143.58
17419 C 13.261 17.077  753.40 *
17437 C 14.294 16.634  256.50
17449 O 14.406 17.006  196.38
17753 O 14.256 16.651  198.85
17853 O 13.279 17.413  467.90
17881 O 13.481 17.414  597.80
17959 O 14.517 16.889  165.99
17962 C 14.889 17.613  305.00
18001 O 14.005 16.598  233.90
18181 C 14.259 16.914  302.20
18353 O 14.252 17.972  323.40
18365 C 14.849 18.366  439.60
18455 O 14.534 18.891  499.70
18728 C 14.405 16.743  290.60
18748 O 14.451 17.316  209.10
18787 C 14.136 16.213  252.00
18816 O 14.852 17.939  206.30
18832 C 14.855 18.286  507.10
18996 C 14.405 16.939  270.40
19063 O 12.915 16.857  465.10
19073 O 14.022 16.931  251.30
19152 C 14.056 16.689  362.80
19261 C 14.616 17.356  293.80
19272 C 14.723 17.277  325.50
19279 O 14.297 17.798  339.70
19417 O 14.459 16.484  134.06
19425 C 14.372 16.904  311.10
19464 C 14.980 18.817  352.30
19756 O 14.362 17.932  329.90
20128 O 14.360 16.433  130.43
20262 O 14.392 16.524  177.45
20348 O 14.416 16.764  165.09
20426 C 14.902 18.016  471.40
20437 O 14.790 17.312  143.96
20469 O 14.126 16.202  153.54
20527 O 14.456 17.495  256.20
21137 O 14.297 16.888  227.40
21159 C 14.800 17.318  265.10
21191 C 14.543 17.752  400.30
21227 C 14.662 16.441  333.70
21247 O 14.797 18.029  258.40
21288 C 15.129 17.755  355.80
21360 C 14.599 17.483  295.50
21421 O 14.290 16.672  175.98
21460 O 14.086 16.509  223.10
21489 O 13.798 16.509  337.50
21574 O 14.189 16.492  190.79
21698 O 14.173 17.355  365.00
21923 C 14.736 18.348  422.10
22146 C 14.521 16.834  270.10
22188 O 14.159 16.500  188.79
22356 O 13.109 16.753  636.30
22381 C 15.025 18.260  367.00
22601 C 14.006 16.784  377.00
22617 C 14.549 16.968  259.20
22645 C 14.563 16.767  249.70
22684 O 14.523 17.027  169.20
22906 O 14.379 16.660  164.59
23012 C 14.230 16.191  224.00
23372 C 14.565 17.380  354.70
23431 C 13.797 16.377  425.60
23680 C 14.334 16.103  162.08
23791 C 14.542 16.956  317.20
23990 O 13.094 16.376  794.20
24184 O 14.685 17.988  251.30
24477 O 14.423 16.634  166.96
24524 O 14.184 16.781  215.30
24545 C 14.119 16.517  302.70
24564 C 13.075 15.101  394.30
24634 C 14.195 16.396  284.70
24746 O 14.616 18.583  401.90
24904 O 14.055 16.308  200.80
24920 O 14.109 16.185  171.72
24932 O 14.143 16.386  170.68
24936 O 14.157 16.916  234.20
24960 C 14.867 16.765  173.96
24995 O 14.147 16.456  171.75
25604 O 14.305 16.985  179.42
25625 O 14.343 16.840  237.20
25663 C 14.423 17.457  367.50
25756 C 14.327 16.956  319.40
25784 C 14.983 17.968  307.40
25968 O 13.152 17.175  543.40
26028 C 15.081 18.117  386.60
26076 C 14.835 17.000  370.40
26103 C 14.204 16.494  292.60
26143 O 14.585 17.213  174.74
26156 O 14.174 16.713  183.04
26210 C 14.281 16.981  294.90
26270 O 14.843 17.044  107.04
26340 O 14.926 18.494  248.30
26404 C 14.163 16.306  288.10
26433 C 14.597 16.893  223.70
26632 O 14.227 16.548  188.71
26878 O 13.863 17.172  338.20
26881 O 14.817 17.272  146.99
26970 C 14.616 17.630  347.50
27180 O 14.152 16.016  200.10
27279 O 14.731 16.995  120.68
27385 C 15.205 17.510  309.20
27472 C 15.088 18.309  369.20
28175 C 14.384 16.727  314.60
28234 O 14.810 16.956  127.66
28263 C 14.096 16.494  306.30
28350 O 14.391 17.031  228.20
28929 C 14.376 16.979  322.00
29059 C 14.071 16.488  311.50
29130 C 14.639 17.699  319.10
29367 O 14.137 17.722  431.60
29390 O 14.413 17.572  439.00
29399 O 14.423 18.124  375.50
29416 O 13.090 16.952  613.40
29486 C 14.349 16.858  305.30
29510 O 14.263 16.758  205.50
29639 C 14.862 17.186  352.30
29668 O 13.918 16.071  179.89
29722 C 14.668 17.646  332.70
29723 C 14.327 17.926  449.90
29777 O 14.361 17.091  246.10
29842 C 14.234 16.746  317.90
29859 C 14.483 17.564  395.90
29983 O 14.145 16.669  190.98
30148 C 15.124 18.352  378.20
30210 C 14.423 16.743  298.10
30259 C 14.501 16.479  225.10
30332 O 14.625 17.654  254.40
30403 O 13.975 17.035  284.30
30440 C 14.194 16.484  286.70
30758 C 14.581 17.228  331.10
30769 O 14.365 16.704  231.00
30802 C 14.416 16.552  279.70
30982 C 14.773 16.641  182.64
31138 O 14.259 17.263  386.70
31249 O 14.142 16.055  152.25
31457 C 14.229 16.471  282.50
31542 C 14.440 17.294  347.50
31611 C 14.525 16.630  240.50
32008 O 14.217 16.439  193.48
32102 C 14.490 17.733  437.80 *
32109 O 14.114 16.067  184.19
32224 O 12.865 17.149  559.50
32499 O 13.447 16.378  357.70
32510 C 14.183 16.777  320.80
32692 C 15.137 18.163  390.20
32697 O 14.740 18.064  281.10
32774 O 14.690 17.160  176.24
32778 C 14.799 17.351  304.70
32931 C 14.239 16.707  352.70
33034 O 13.757 16.263  263.40
33145 O 14.080 16.123  166.79
33276 O 14.031 16.731  248.20
33328 C 14.481 16.968  281.20
33429 O 14.473 17.280  204.80
33482 C 14.397 16.830  314.70
33490 O 14.118 16.441  218.00
33566 O 14.831 18.208  209.10
33605 C 14.728 17.053  291.00
33787 O 14.402 17.419  262.10
33832 O 14.381 18.697  424.90
34332 C 14.579 16.971  283.40
34466 O 14.246 17.299  254.40
34722 C 14.635 16.972  272.00
34820 O 14.177 17.065  266.50
34878 O 14.191 16.241  179.88
35059 O 13.954 17.385  375.30
35067 O 13.385 17.698  386.10
35077 O 14.013 17.049  277.60
35101 O 14.939 17.811  209.20
35104 O 15.192 17.551  109.23
35180 O 14.094 16.223  172.64
35465 O 14.089 17.677  382.90
35492 O 14.697 16.913  127.98
35607 O 14.787 17.520  169.07
35622 C 14.987 18.388  347.20
35695 O 14.198 17.218  255.40
35716 C 15.094 17.737  336.70
35809 O 14.090 16.806  250.20
35857 O 14.775 18.480  272.10
36108 O 14.133 16.358  166.97
36116 C 14.944 17.662  256.80
36125 O 14.270 17.092  308.60
36161 C 15.117 18.677  432.90
36277 O 14.560 17.637  240.90
36369 O 14.830 17.449  175.41
36521 O 15.179 17.609  109.40
36733 C 14.238 16.700  300.60
37099 O 14.476 16.618  221.80
37101 O 14.561 16.764  135.20
37103 C 14.396 16.399  228.10
37168 C 14.282 17.769  561.00
37342 C 14.989 18.652  400.40
37426 O 14.211 17.204  249.60
37598 O 14.111 15.979  135.39
37762 O 14.378 16.913  277.00
37848 O 13.994 16.628  245.60
37948 C 14.374 16.906  273.50
38093 C 14.633 17.248  293.90
38158 C 14.925 17.860  354.00
38175 O 12.905 16.832  829.60
38298 C 14.228 15.949  192.40
38516 O 14.766 17.092  138.73
38575 O 15.171 17.588  119.98
38609 O 14.590 16.634  127.60
38656 C 15.087 17.496  343.10
38695 C 14.225 16.313  261.00
38750 O 14.930 17.939  203.50
38865 O 14.729 17.856  262.30
38949 C 14.712 17.418  334.20
39000 O 14.301 16.712  172.87
39262 C 15.023 17.677  427.20
39320 C 14.834 18.159  431.50
39417 O 14.203 18.181  412.60
39563 O 14.726 18.240  527.30
39569 O 14.205 18.718  389.20
39790 O 14.512 17.640  287.00
40066 O 14.209 16.835  246.70
40243 C 14.384 16.841  326.70
40336 C 15.043 18.089  257.50
40462 C 13.399 16.419  391.60
40480 O 14.165 16.990  270.00
40591 O 14.292 16.610  197.69
40624 C 14.944 17.015  232.40
40703 C 14.247 16.815  325.90
40749 O 14.252 17.248  174.28
40802 O 14.627 16.522  124.83
41150 C 15.029 17.878  257.80
41366 C 14.877 17.617  335.20
41505 O 14.439 16.476  130.37
41810 O 14.367 17.432  269.80
42056 C 14.946 17.714  477.10
42229 C 14.215 16.671  313.50
42242 C 14.238 16.758  309.40
42305 O 14.341 16.888  183.45
42404 C 14.338 16.770  285.60
42479 C 14.853 17.860  313.40
42554 O 13.333 17.107  684.50
42644 C 14.131 16.436  306.70
42657 C 14.581 17.070  298.20
42670 C 14.160 16.655  313.80
42817 O 13.654 16.918  859.10
42836 C 14.586 17.121  296.30
42850 C 14.263 16.621  324.80
42896 C 14.174 16.289  263.40
42932 O 14.352 17.040  243.50
43158 C 14.294 16.784  325.80
43619 C 14.459 17.514  331.70
43662 O 14.173 17.603  313.70
43794 C 13.681 16.227  530.70
43824 C 14.600 17.159  306.50
43860 C 14.141 16.256  244.10
44130 C 14.191 16.102  227.20
44171 C 14.055 15.989  218.50
44229 C 14.087 16.402  303.10
44302 O 14.740 17.080  119.91
44941 C 14.556 17.073  268.20
45003 O 14.479 17.049  199.94
45009 C 14.718 17.985  355.20
45094 C 14.811 16.843  213.30
45127 C 14.672 17.495  326.50
45132 O 13.691 16.806  336.70
45350 O 14.236 16.383  163.69
45434 C 14.418 17.764  480.10
45450 O 15.029 18.112  206.40
45789 C 14.173 17.070  362.80
45790 C 15.213 17.776  263.90
45845 O 14.393 17.386  223.50
46120 O 14.269 17.260  298.60
46154 C 15.208 18.180  363.60
46158 O 14.836 16.901  108.60
46191 C 14.426 17.297  323.20
46399 O 14.197 17.023  254.30
46511 C 14.217 17.279  397.90
46857 O 14.163 17.481  269.80
47038 O 14.190 17.034  246.20
47039 O 14.381 16.720  185.79
47090 O 14.118 16.940  241.30
47229 C 14.188 16.905  445.10
47339 O 14.311 18.593  222.80
47565 O 14.437 17.405  219.40
47584 C 14.245 16.594  302.60
47678 C 14.362 16.627  258.70
47846 O 14.232 17.184  239.10
47938 O 14.031 15.959  160.91
47973 C 14.391 17.091  351.20
48027 C 14.792 17.492  319.60
48035 C 14.768 17.918  395.60
48133 O 14.427 16.898  174.22
48156 O 14.626 17.669  242.60
48159 C 14.612 17.215  303.40
48196 C 14.278 16.388  258.30
48376 O 14.687 17.800  208.30
48470 C 14.823 17.114  231.50
48532 C 14.460 17.163  314.50 *
48627 O 14.241 16.593  182.08
48641 C 14.268 16.756  326.90
48647 O 15.077 17.638  113.45
48755 C 14.363 17.735  473.50
48879 C 14.608 17.748  381.50
48966 C 13.503 17.461  715.30
49150 O 14.138 16.922  254.40
49175 O 14.622 17.880  253.80
49260 C 14.877 18.460  410.50
49266 O 14.095 16.415  172.17
49294 O 14.730 17.320  148.02
49450 C 14.004 16.092  252.70
49560 C 14.322 16.809  304.40
49589 O 13.072 16.615  413.70
49642 O 14.204 16.441  207.10
49706 O 14.755 17.233  161.40
49886 C 14.196 16.619  326.50
50038 C 14.918 18.175  411.90
50080 O 14.392 16.736  186.87
50125 C 14.906 17.797  333.20
50221 C 14.781 18.029  343.20
50294 C 14.566 17.553  377.40
50418 O 14.328 16.892  202.70
50495 C 14.154 16.775  343.90
50570 O 14.213 17.095  260.40
50584 O 12.577 16.088  570.10
50634 O 15.184 18.907  414.30
50815 O 13.739 16.371  300.20
50966 O 14.197 16.787  181.09
51054 C 13.188 15.220  370.80
51082 O 15.086 19.393  333.60
51140 C 14.905 17.022  219.70
51203 O 14.489 16.964  167.51
51480 O 14.464 18.311  358.50
51632 C 14.399 16.669  268.70
51768 C 14.964 17.974  394.80
51804 O 14.204 16.892  208.80
51945 C 14.012 16.561  420.00
51998 O 12.976 16.349  643.70
52011 O 14.272 16.256  125.33
52090 O 14.207 16.590  183.84
52291 O 15.036 18.315  280.40
52298 O 14.151 17.958  378.00
52578 O 14.437 17.737  302.50
52687 O 14.242 17.278  272.70
52708 C 14.160 16.732  340.30
52713 O 14.187 17.030  242.70
52765 C 14.341 16.955  413.60
52848 O 14.137 16.677  247.70
52940 O 14.807 17.735  153.87
52958 O 14.538 17.417  196.43
53238 C 14.242 16.721  292.90
53270 C 14.754 17.484  304.20
53478 O 14.396 16.632  358.70
53502 C 14.554 17.409  362.70
53643 O 12.896 16.228  546.70
53658 C 15.250 17.896  297.20
53808 O 14.164 16.082  147.76
53992 C 15.035 18.306  420.30
54032 O 15.090 18.098  160.68
54167 O 14.806 18.212  203.80
54218 O 15.097 17.677  147.96
54240 O 13.108 16.103  448.10
54407 C 14.851 17.877  321.20
54581 O 14.717 17.975  233.30
54676 C 14.637 16.802  216.70
54903 O 14.111 16.521  202.20
54954 O 14.412 17.518  217.40
55087 O 14.288 17.966  316.60
55137 O 14.818 17.963  275.20
55202 O 14.122 16.518  209.30
55498 C 14.068 17.106  359.10
55553 C 14.217 16.768  314.30
55560 O 14.657 17.196  174.31
55701 C 14.657 18.310  436.00
56020 O 14.251 16.522  158.26
56092 C 14.728 17.061  319.90
56126 C 14.770 17.152  308.60
56234 C 14.084 16.297  246.70
56243 O 14.601 17.717  265.60
56616 C 14.409 16.971  346.30
56634 C 14.302 16.701  258.30
56785 C 14.520 17.199  264.00
56842 C 13.061 16.642  602.10
57061 C 15.154 18.241  403.20
57093 C 14.165 16.610  309.00
57162 C 14.337 16.956  324.90
57267 O 14.229 17.125  276.70
57675 C 14.209 16.580  274.00
57845 C 14.632 17.016  265.40
57884 O 14.356 16.436  151.21
58005 O 14.257 16.567  177.58
58017 O 12.421 15.708  522.50
58035 O 14.186 16.616  224.20
58264 C 15.218 18.374  343.10
58509 C 14.629 16.803  251.70
58581 O 14.232 16.677  189.22
58609 O 14.281 15.832  113.58
58655 O 14.347 16.901  230.60
58951 C 14.718 17.767  327.60
59143 C 14.338 17.891  476.30
59566 C 15.150 17.832  323.20
59728 C 14.582 17.335  303.20
59775 O 14.629 17.518  231.00
59855 O 14.286 16.294  144.78
59930 O 14.192 16.355  163.73
60072 O 14.828 18.002  205.40
60109 O 14.062 16.725  219.30
60189 O 12.178 15.114  604.90
60366 O 14.751 18.790  319.70
60438 O 14.788 17.669  182.38 *
60465 O 14.220 16.497  165.14
60501 C 14.863 17.687  253.10
60649 C 14.331 17.787  468.90
60693 C 13.045 15.932  534.80
60779 O 14.144 16.824  224.20
61047 C 14.549 17.620  385.10
61115 O 12.397 15.692  650.10
61179 O 14.311 16.581  175.74
61181 C 14.416 17.757  413.20
61420 C 14.315 16.862  282.20
61422 O 14.380 16.764  172.10
61446 C 14.447 17.659  366.30
61481 C 14.830 17.330  337.10
61554 O 14.206 17.172  240.10
61654 O 14.598 17.693  272.30
61745 O 14.423 17.401  206.00
61844 O 14.739 17.446  182.78
61969 O 14.319 16.802  174.20
61981 C 15.001 17.891  378.10
62083 O 14.475 17.336  191.97
62355 C 14.437 17.147  285.90
62401 C 14.309 17.060  338.00
62654 C 14.391 16.263  208.90
62740 C 14.986 18.488  403.70
62756 O 14.367 17.113  181.76
62796 O 14.567 18.137  350.40
62961 C 14.770 17.355  308.60
62979 O 14.554 18.006  357.70
63011 O 15.199 17.359  103.56
63588 C 14.687 17.171  348.10
63682 C 14.349 17.134  277.40
63766 C 14.971 17.191  227.50
63816 O 14.398 17.243  213.50
63850 O 14.233 16.989  226.10
63863 C 14.312 17.329  421.50
63924 C 14.231 16.726  318.50
64155 C 14.812 16.899  218.60
64310 C 14.741 17.493  393.30
64428 C 14.641 17.308  351.70
64787 C 14.142 16.602  307.80
64886 C 15.021 17.716  328.50
65005 O 14.231 18.062  417.30
65066 C 14.551 17.414  334.60
65656 C 14.638 17.222  240.40
65784 O 12.982 16.401  514.70
65806 O 14.841 16.974  112.49
66055 C 14.901 18.614  395.80
66099 C 14.663 17.295  326.20
66242 O 14.924 18.265  204.20
66307 O 13.998 16.226  158.36
66356 C 14.912 17.720  307.60
66534 O 14.988 17.924  169.29
66589 C 15.013 18.607  412.40
66656 O 14.085 16.453  215.60
66662 C 14.810 17.805  334.20
66698 O 14.669 18.592  255.30
66795 C 14.285 17.610  418.50
66842 C 14.667 17.409  326.40
66907 O 14.153 16.877  248.70
66916 O 14.650 18.780  331.20
66969 O 14.425 17.185  248.90
67018 O 14.728 17.610  224.70
67445 C 14.509 17.053  259.60
67700 C 14.791 17.687  344.10
67757 C 14.398 16.849  296.00
68252 O 13.238 15.808  322.90
68460 O 14.788 17.149  133.73
68600 C 14.520 17.188  378.00
68637 C 14.667 17.779  311.40
68663 O 14.855 17.406  154.17
68717 C 15.220 18.147  328.50
68972 O 14.128 16.353  178.11
68994 C 14.474 16.677  257.60
69123 C 14.029 16.243  267.00
69195 O 14.426 17.202  226.90
69274 O 14.215 16.865  224.70
69374 O 14.186 16.564  232.50
69528 C 13.871 16.550  447.80
69592 C 15.099 17.586  221.70
69613 O 13.023 16.960  548.30
69742 C 14.359 16.709  285.20
69981 O 14.859 16.878  123.99
69984 O 14.173 16.294  205.00
70126 O 14.106 16.599  221.50
70183 O 14.154 16.488  190.41
70417 C 14.431 16.748  271.50
70582 C 14.967 17.857  367.00
70688 C 14.688 16.370  213.00
70710 C 14.733 16.876  358.90
70894 C 14.254 16.732  286.50 *
71050 O 14.272 16.396  144.36
71295 C 14.343 16.856  331.00
71425 C 15.047 18.164  258.30
71465 C 14.558 17.250  727.30
71798 C 14.867 18.325  355.90
71800 O 14.735 18.145  435.20
71962 C 14.612 17.532  309.30
72253 C 14.378 16.125  153.20
72373 C 14.938 17.883  285.50
72646 C 14.303 16.802  308.00
72729 O 14.608 18.214  260.60
72751 C 15.192 17.554  234.00
72777 C 14.597 16.464  190.27
72912 C 14.209 16.528  266.40
73049 O 14.078 16.715  204.90
73125 C 14.686 16.655  229.70
73176 C 15.019 17.536  314.00
73241 O 13.367 19.148  763.50
73251 C 14.333 16.940  305.10
73326 C 14.622 18.258  430.50
73600 C 14.796 18.036  425.90
73762 O 14.021 15.848  160.37
73785 O 14.275 16.714  171.99
74002 O 14.286 16.242  146.95
74179 O 13.741 17.272  367.30
74368 C 14.403 16.929  319.70
74380 O 14.454 17.364  239.70
74404 C 14.222 16.472  300.90
74441 C 14.253 16.942  321.00
74641 O 14.124 17.158  240.00
74660 C 14.337 16.590  258.60
75330 O 13.970 16.222  204.20
75630 C 14.629 17.927  406.50
75835 O 14.544 17.323  202.00
75986 O 15.217 18.715  397.90
76079 O 13.621 18.080  561.60
76083 O 14.260 16.394  188.14
76310 C 14.343 16.544  239.90
76317 O 15.023 18.118  178.01
76325 O 14.301 16.643  153.04
76335 C 15.193 17.787  354.40
76673 C 14.330 16.926  294.70
76706 C 14.632 17.168  313.90
76757 C 14.645 17.427  353.10
77184 C 14.610 17.213  290.00
77221 C 14.281 16.308  217.80
77228 C 14.990 17.896  313.30
77253 O 15.192 18.720  209.70
77344 C 14.843 17.930  326.30
77553 C 14.855 17.455  268.30
77575 C 14.691 17.075  284.10
77675 O 14.933 17.763  165.89
77797 C 15.031 17.543  332.60
78033 C 14.806 18.271  403.30
78118 C 14.088 16.516  323.70
78141 C 15.222 18.300  311.10
78306 O 14.100 17.164  412.30
78336 C 14.732 17.770  342.30
78377 C 14.102 16.555  284.10
78617 O 14.345 16.771  245.10
78624 C 14.515 17.520  373.10
78667 C 15.037 17.834  300.70
78834 C 15.125 17.997  513.80
79097 C 14.390 16.924  291.10
79120 O 14.920 17.742  138.01
79208 O 14.995 18.288  225.60
79250 C 14.156 16.587  317.20
79341 O 13.627 16.853  708.90
79583 O 15.108 17.461  119.54
79837 O 14.539 18.156  326.80 *
79884 C 14.651 18.098  400.00
79963 O 14.194 17.881  387.70
80101 C 15.094 17.967  329.40
80122 C 15.060 17.680  302.10
80277 C 14.365 16.365  212.20
80311 C 14.324 16.563  180.34
80320 C 15.066 18.344  398.10
80328 C 14.978 17.806  257.20
80380 O 14.248 16.324  140.65
80427 O 13.227 16.299  323.70
80532 C 14.109 16.439  302.20
80536 C 14.407 16.976  304.20
80606 O 13.975 17.380  321.50
80698 C 14.750 16.640  153.49
80716 C 14.781 17.383  302.40
80803 C 14.130 16.501  310.80
80810 O 14.431 17.247  165.42
80935 O 14.280 17.208  198.15
81060 C 14.776 17.867  320.50
81170 C 14.765 18.550  453.60
81220 C 13.557 16.794  568.00
81315 C 14.350 16.969  273.50
81321 C 14.806 17.531  299.60
81328 O 14.870 17.660  266.30
81400 C 14.155 16.408  257.40
81458 O 14.154 17.658  376.70
81519 O 15.077 17.733  142.63
81655 O 14.488 16.613  147.54
81656 O 14.483 16.767  173.65
81800 O 13.657 17.317  385.00
81885 O 14.270 16.670  232.30
81991 O 14.400 16.544  148.47
82026 O 14.218 16.179  152.85
82039 C 14.395 17.099  296.20
82105 C 13.544 16.941  532.20
82213 C 15.238 17.976  296.50 *
82281 O 14.173 16.606  213.90
82472 C 14.081 16.500  308.60
82475 C 14.255 17.156  367.80
82526 O 15.028 17.263  141.50
82614 C 14.726 17.692  301.90
82737 O 12.928 16.763  579.60
82816 O 14.117 16.305  163.63
82868 C 14.554 16.688  228.80
83167 C 15.233 17.493  231.80
83338 O 14.072 16.559  246.00
83464 C 14.272 16.975  369.30
83651 C 14.102 16.605  326.80
83756 C 14.662 16.722  171.97
83863 O 15.086 17.852  146.81
83875 O 14.555 17.496  203.50
83882 O 13.790 18.144  617.20
84032 C 15.211 18.699  378.90
84063 O 13.394 16.991  576.10
84387 O 14.624 17.254  193.16
84588 C 14.957 18.727  437.00
84694 C 15.000 18.601  482.00
84893 C 15.117 17.982  334.40
85097 O 14.284 17.145  237.70
85224 C 14.085 16.121  228.60
85350 C 14.298 17.018  380.00
85382 O 12.785 16.372  262.10
85456 O 15.062 19.325  316.80
85460 C 14.635 17.537  327.30
85475 C 14.795 17.972  384.70
85828 C 14.336 17.147  319.20
85935 C 14.101 16.605  318.60
85990 C 14.315 16.981  310.70 *
86024 O 14.271 16.517  177.23
86064 O 14.163 17.520  297.00
86267 C 15.110 18.904  387.60
86477 O 14.386 17.167  357.20
86586 O 14.273 16.342  141.25
86786 C 15.045 17.380  259.40
86940 C 13.939 16.104  291.70
87222 O 14.334 16.971  200.50
87238 O 14.461 17.231  326.60
87247 C 14.717 17.487  307.10
87272 O 14.883 17.151  123.07
87282 O 14.169 16.850  196.80
87284 C 14.789 17.587  362.40
87363 O 14.154 16.123  148.49
87372 O 14.100 16.513  191.60
87402 O 12.660 16.662  620.50
87498 C 14.492 17.066  334.10
87548 O 13.965 16.021  163.18
87703 O 14.468 17.042  241.40
87705 C 14.930 18.215  322.70
87725 O 14.293 17.052  194.40
87798 C 15.169 19.444  348.90
87817 C 14.590 18.333  359.30
88301 C 14.586 17.195  302.10
88567 C 14.310 17.118  318.20
88629 C 14.141 17.255  359.90
88792 C 14.932 17.871  327.20
88811 O 14.302 17.509  269.70
88880 C 14.131 15.920  178.99
88956 C 14.432 16.874  288.70
89216 O 14.324 17.544  319.30
89219 C 14.415 16.363  163.98
89269 C 14.740 17.386  315.50
89275 O 12.948 16.083  558.90
89382 C 14.185 17.570  343.20
89435 O 14.209 16.391  160.85
89468 O 14.158 16.407  185.31
90025 C 14.668 16.728  217.80
90061 O 14.998 17.129  103.06
90085 O 13.783 16.498  267.20
90199 C 15.171 18.970  470.60
90201 O 14.055 16.202  163.55
90210 C 14.522 17.404  407.70
90327 O 14.216 16.615  207.40
90418 C 14.531 17.997  393.90
90567 C 14.466 16.756  265.50
90579 O 14.230 16.963  277.60
90628 C 14.100 16.039  212.40
90701 O 14.054 16.119  163.58
90737 O 14.192 16.478  181.28
90761 O 15.041 18.049  169.12
90812 O 14.200 16.697  184.68
90895 O 14.095 16.574  203.70
90972 O 14.531 17.834  217.90
90991 C 14.873 18.372  440.70
90995 C 14.005 16.486  305.70
91022 O 14.589 17.087  160.60
91045 O 14.150 16.473  215.30
91174 C 14.740 17.765  334.00
91243 O 14.026 17.681  395.10 *
91308 O 14.292 17.180  243.40
91322 C 14.375 16.907  281.40
91758 O 14.417 17.179  235.50
91877 O 14.124 17.064  230.30
91878 C 15.196 18.308  319.40
